2.356598216575012117e+00,1.138599999999999057e-01,2.354423269168305133e+00,1.158999999999999059e-01,0.000000000000000000e+00
1.722699206430405583e-01,9.495800000000081953e-01,1.668011475822166745e-01,9.522999999999991472e-01,0.000000000000000000e+00
1.124712232896631914e-01,9.674000000000095856e-01,1.194167585570861390e-01,9.681999999999993944e-01,0.000000000000000000e+00
8.490593123643715157e-02,9.751400000000094437e-01,1.040996987403033786e-01,9.709999999999986420e-01,0.000000000000000000e+00
6.800485436708356146e-02,9.802400000000078828e-01,9.686129529544658390e-02,9.704999999999988081e-01,0.000000000000000000e+00
5.045841235200682062e-02,9.860600000000065979e-01,8.331600472926475875e-02,9.746999999999991227e-01,0.000000000000000000e+00
4.315898669020847012e-02,9.877400000000061686e-01,8.202357671781373982e-02,9.764999999999990354e-01,0.000000000000000000e+00
3.657186355346728895e-02,9.895400000000053042e-01,7.912749686375644687e-02,9.771999999999988473e-01,0.000000000000000000e+00
3.173960112269808703e-02,9.909800000000044129e-01,7.996029625803194318e-02,9.777999999999985592e-01,0.000000000000000000e+00
3.020557455128108568e-02,9.914000000000043888e-01,8.470136282585080667e-02,9.769999999999993134e-01,0.000000000000000000e+00
1.910827471595779106e-02,9.953200000000027581e-01,7.575284294342936320e-02,9.793999999999989381e-01,0.000000000000000000e+00
1.707772061550957149e-02,9.956400000000025230e-01,7.985750360543247828e-02,9.784999999999988152e-01,0.000000000000000000e+00
1.672727927080413374e-02,9.957800000000019969e-01,7.951061000296871795e-02,9.791999999999992932e-01,0.000000000000000000e+00
1.194814896509083582e-02,9.974800000000014766e-01,7.669235605608465400e-02,9.797999999999992271e-01,0.000000000000000000e+00
1.303270869696210831e-02,9.969400000000018247e-01,8.583313639607632883e-02,9.795999999999992491e-01,0.000000000000000000e+00
6.813451914709359354e-03,9.987600000000008693e-01,7.758279552470526141e-02,9.808999999999988839e-01,0.000000000000000000e+00
8.158441157492420798e-03,9.983400000000011154e-01,8.228271568135447911e-02,9.794999999999991491e-01,0.000000000000000000e+00
5.259025645085510688e-03,9.993800000000004902e-01,8.160690259555822279e-02,9.803999999999994941e-01,0.000000000000000000e+00
5.199677080373955526e-03,9.991400000000005832e-01,8.133300578499307043e-02,9.794999999999993712e-01,0.000000000000000000e+00
3.384541820885812041e-03,9.997800000000002241e-01,8.138389236336929233e-02,9.806999999999989059e-01,0.000000000000000000e+00
2.530457012130763253e-03,9.999000000000001220e-01,8.260881718332969970e-02,9.816999999999986848e-01,0.000000000000000000e+00
3.830590757183025517e-03,9.995600000000002261e-01,8.457477099690301203e-02,9.803999999999989390e-01,0.000000000000000000e+00
1.905394229164956250e-03,9.999799999999999800e-01,8.465012576967387292e-02,9.812999999999990619e-01,0.000000000000000000e+00
1.919937295198727691e-03,9.999400000000000510e-01,8.561822525233596382e-02,9.813999999999988288e-01,0.000000000000000000e+00
1.425460781929457736e-03,9.999799999999999800e-01,8.668027070084333152e-02,9.810999999999987509e-01,0.000000000000000000e+00
1.304430718558885222e-03,1.000000000000000000e+00,8.617579682352909110e-02,9.808999999999988839e-01,0.000000000000000000e+00
1.182222256997434535e-03,1.000000000000000000e+00,8.653739597681192608e-02,9.816999999999991289e-01,0.000000000000000000e+00
1.108673205112286220e-03,1.000000000000000000e+00,8.834670570725521033e-02,9.818999999999994399e-01,0.000000000000000000e+00
1.025527918486469426e-03,1.000000000000000000e+00,8.760702240297973953e-02,9.820999999999991958e-01,0.000000000000000000e+00
1.060060825401940411e-03,9.999799999999999800e-01,8.908037782884838107e-02,9.820999999999986407e-01,0.000000000000000000e+00
8.992798565569422439e-04,1.000000000000000000e+00,8.938748755016158454e-02,9.817999999999993399e-01,0.000000000000000000e+00
8.475378565139338747e-04,1.000000000000000000e+00,8.997019148817626821e-02,9.816999999999991289e-01,0.000000000000000000e+00
7.999302856080954625e-04,1.000000000000000000e+00,9.054197884259300444e-02,9.811999999999992950e-01,0.000000000000000000e+00
7.579000731890056823e-04,1.000000000000000000e+00,9.216863428831213734e-02,9.813999999999991619e-01,0.000000000000000000e+00
7.125067018984450849e-04,1.000000000000000000e+00,9.118759449188808264e-02,9.813999999999992729e-01,0.000000000000000000e+00
6.771394923220121469e-04,1.000000000000000000e+00,9.195306251926940733e-02,9.817999999999991179e-01,0.000000000000000000e+00
6.458035489962405274e-04,1.000000000000000000e+00,9.307514599018086587e-02,9.815999999999988068e-01,0.000000000000000000e+00
6.226023093932033176e-04,1.000000000000000000e+00,9.332127886084660984e-02,9.810999999999999721e-01,0.000000000000000000e+00
5.836723085078922247e-04,1.000000000000000000e+00,9.316229313496381115e-02,9.813999999999987178e-01,0.000000000000000000e+00
5.728402772663441318e-04,1.000000000000000000e+00,9.456212355031100303e-02,9.813999999999988288e-01,0.000000000000000000e+00
5.400761230690753409e-04,1.000000000000000000e+00,9.394801662719107216e-02,9.814999999999988178e-01,0.000000000000000000e+00
5.172174046546710365e-04,1.000000000000000000e+00,9.458905901881790868e-02,9.817999999999993399e-01,0.000000000000000000e+00
5.224111751040038569e-04,1.000000000000000000e+00,9.499938620086019470e-02,9.814999999999988178e-01,0.000000000000000000e+00
4.797155291950955377e-04,1.000000000000000000e+00,9.535804026842337189e-02,9.813999999999986068e-01,0.000000000000000000e+00
4.695924296983993254e-04,1.000000000000000000e+00,9.608918001530254716e-02,9.814999999999991509e-01,0.000000000000000000e+00
4.525739823482477823e-04,1.000000000000000000e+00,9.659552365459692091e-02,9.818999999999992179e-01,0.000000000000000000e+00
4.367020272971054067e-04,1.000000000000000000e+00,9.665463794205152170e-02,9.811999999999989619e-01,0.000000000000000000e+00
4.303341036734938249e-04,1.000000000000000000e+00,9.678768889552323562e-02,9.816999999999986848e-01,0.000000000000000000e+00
4.113950997220916419e-04,1.000000000000000000e+00,9.702909613686339085e-02,9.810999999999985288e-01,0.000000000000000000e+00
3.959543697845445756e-04,1.000000000000000000e+00,9.775951705409885450e-02,9.813999999999992729e-01,0.000000000000000000e+00
3.890845865580822059e-04,1.000000000000000000e+00,9.800437509560788740e-02,9.812999999999990619e-01,0.000000000000000000e+00
3.775741170668242119e-04,1.000000000000000000e+00,9.812232819296368147e-02,9.814999999999984848e-01,0.000000000000000000e+00
3.649646716303781686e-04,1.000000000000000000e+00,9.849471925116695670e-02,9.811999999999987399e-01,0.000000000000000000e+00
3.606729710161591675e-04,1.000000000000000000e+00,9.923522225552146303e-02,9.807999999999991170e-01,0.000000000000000000e+00
3.434041014291028628e-04,1.000000000000000000e+00,9.921409056154033290e-02,9.814999999999998170e-01,0.000000000000000000e+00
3.341413059792140640e-04,1.000000000000000000e+00,9.989234960811295416e-02,9.813999999999991619e-01,0.000000000000000000e+00
3.258475029950856725e-04,1.000000000000000000e+00,9.947154680245123837e-02,9.812999999999987288e-01,0.000000000000000000e+00
3.164869511162296035e-04,1.000000000000000000e+00,9.951415578700860409e-02,9.814999999999994840e-01,0.000000000000000000e+00
3.074252265199266276e-04,1.000000000000000000e+00,1.001456008294585170e-01,9.813999999999991619e-01,0.000000000000000000e+00
3.017311975821791487e-04,1.000000000000000000e+00,1.005575327725941048e-01,9.814999999999988178e-01,0.000000000000000000e+00
2.940611274987498143e-04,1.000000000000000000e+00,1.005732547951552064e-01,9.817999999999988958e-01,0.000000000000000000e+00
2.855593815637228459e-04,1.000000000000000000e+00,1.007342341495516547e-01,9.814999999999991509e-01,0.000000000000000000e+00
2.819311124608405751e-04,1.000000000000000000e+00,1.010001225440003425e-01,9.818999999999994399e-01,0.000000000000000000e+00
2.815654152495620090e-04,1.000000000000000000e+00,1.015847981870530992e-01,9.810999999999989729e-01,0.000000000000000000e+00
2.721674396783855220e-04,1.000000000000000000e+00,1.017930884713005718e-01,9.813999999999986068e-01,0.000000000000000000e+00
2.624543338339334971e-04,1.000000000000000000e+00,1.018841171167399889e-01,9.816999999999993509e-01,0.000000000000000000e+00
2.596773375729977541e-04,1.000000000000000000e+00,1.018065585019182623e-01,9.815999999999992509e-01,0.000000000000000000e+00
2.507568682166214633e-04,1.000000000000000000e+00,1.021806643626428784e-01,9.815999999999989178e-01,0.000000000000000000e+00
2.460536214894421415e-04,1.000000000000000000e+00,1.026500692312823648e-01,9.813999999999988288e-01,0.000000000000000000e+00
2.425384076435587886e-04,1.000000000000000000e+00,1.029570892488183426e-01,9.812999999999989509e-01,0.000000000000000000e+00
2.391373130918778608e-04,1.000000000000000000e+00,1.031068848527318949e-01,9.810999999999988619e-01,0.000000000000000000e+00
2.341102865140873236e-04,1.000000000000000000e+00,1.031848463901941376e-01,9.812999999999992840e-01,0.000000000000000000e+00
2.299895883363161308e-04,1.000000000000000000e+00,1.035744167678727679e-01,9.815999999999983627e-01,0.000000000000000000e+00
2.239193556198497523e-04,1.000000000000000000e+00,1.035507118289372003e-01,9.810999999999985288e-01,0.000000000000000000e+00
2.209658736488404420e-04,1.000000000000000000e+00,1.040289242334203473e-01,9.814999999999984848e-01,0.000000000000000000e+00
2.166711308273088247e-04,1.000000000000000000e+00,1.042875702715252706e-01,9.815999999999988068e-01,0.000000000000000000e+00
2.112638160265798315e-04,1.000000000000000000e+00,1.044260007574960153e-01,9.812999999999987288e-01,0.000000000000000000e+00
2.078018668472526409e-04,1.000000000000000000e+00,1.045815227323116936e-01,9.811999999999989619e-01,0.000000000000000000e+00
2.040973821307567600e-04,1.000000000000000000e+00,1.047054367113071094e-01,9.813999999999987178e-01,0.000000000000000000e+00
2.012158022636961806e-04,1.000000000000000000e+00,1.047884236696197680e-01,9.814999999999989289e-01,0.000000000000000000e+00
1.980518521507509283e-04,1.000000000000000000e+00,1.048149638316899224e-01,9.810999999999989729e-01,0.000000000000000000e+00
1.949034034380079500e-04,1.000000000000000000e+00,1.057914525270940292e-01,9.812999999999995060e-01,0.000000000000000000e+00
1.901431826662587047e-04,1.000000000000000000e+00,1.053258707981412218e-01,9.812999999999987288e-01,0.000000000000000000e+00
1.874925725443008558e-04,1.000000000000000000e+00,1.054763362886679268e-01,9.815999999999991399e-01,0.000000000000000000e+00
1.844967343221508055e-04,1.000000000000000000e+00,1.057408248217422270e-01,9.812999999999992840e-01,0.000000000000000000e+00
1.814848506798871677e-04,1.000000000000000000e+00,1.061010520487029873e-01,9.812999999999992840e-01,0.000000000000000000e+00
1.788698721855000494e-04,1.000000000000000000e+00,1.062281127559844551e-01,9.813999999999993840e-01,0.000000000000000000e+00
1.755043394436971822e-04,1.000000000000000000e+00,1.064032238583034196e-01,9.814999999999993729e-01,0.000000000000000000e+00
1.730706085287623413e-04,1.000000000000000000e+00,1.066355634820173037e-01,9.813999999999993840e-01,0.000000000000000000e+00
1.703494462446536472e-04,1.000000000000000000e+00,1.069711275281551577e-01,9.811999999999991839e-01,0.000000000000000000e+00
1.706576542452655507e-04,1.000000000000000000e+00,1.072548818814795385e-01,9.810999999999991950e-01,0.000000000000000000e+00
1.654253712974661304e-04,1.000000000000000000e+00,1.072177804277161250e-01,9.813999999999996060e-01,0.000000000000000000e+00
1.642887373272300161e-04,1.000000000000000000e+00,1.069568219117195823e-01,9.815999999999993619e-01,0.000000000000000000e+00
1.610491973066824627e-04,1.000000000000000000e+00,1.073735729823323548e-01,9.811999999999992950e-01,0.000000000000000000e+00
1.584968057354113559e-04,1.000000000000000000e+00,1.076237952399946018e-01,9.813999999999990509e-01,0.000000000000000000e+00
1.581030137910185258e-04,1.000000000000000000e+00,1.079224301188544261e-01,9.811999999999995170e-01,0.000000000000000000e+00
1.538113939174884533e-04,1.000000000000000000e+00,1.080743757781980063e-01,9.812999999999990619e-01,0.000000000000000000e+00
1.517445389127575618e-04,1.000000000000000000e+00,1.081542517988861585e-01,9.813999999999988288e-01,0.000000000000000000e+00
1.496874426908171012e-04,1.000000000000000000e+00,1.081710681305645821e-01,9.813999999999987178e-01,0.000000000000000000e+00
1.486985099439903869e-04,1.000000000000000000e+00,1.087451466083967089e-01,9.811999999999989619e-01,0.000000000000000000e+00
1.459997657654787874e-04,1.000000000000000000e+00,1.083943295521971883e-01,9.811999999999989619e-01,0.000000000000000000e+00
590.5050888061523