2.371679651732949701e+00,8.760000000000002507e-02,2.370106862597378239e+00,8.419999999999996931e-02,0.000000000000000000e+00
1.856683142454742530e-01,9.454200000000073656e-01,1.804411441124897375e-01,9.485999999999991106e-01,0.000000000000000000e+00
1.186320841736914489e-01,9.647600000000089437e-01,1.301988702168350720e-01,9.640999999999988468e-01,0.000000000000000000e+00
9.258097696230464801e-02,9.728800000000088488e-01,1.102678195466175598e-01,9.678999999999992054e-01,0.000000000000000000e+00
7.092386629012770172e-02,9.791200000000080950e-01,9.971009556678056551e-02,9.723999999999987098e-01,0.000000000000000000e+00
6.316734072386293031e-02,9.803400000000085379e-01,9.469329789024287514e-02,9.707999999999985530e-01,0.000000000000000000e+00
4.545557971708932138e-02,9.865800000000065628e-01,8.807758520674888181e-02,9.752999999999990566e-01,0.000000000000000000e+00
5.000223689306373259e-02,9.840600000000074843e-01,9.695974397951394319e-02,9.720999999999990759e-01,0.000000000000000000e+00
3.755742735906610064e-02,9.892400000000054483e-01,8.983198777589350426e-02,9.745999999999989116e-01,0.000000000000000000e+00
2.383380138121801023e-02,9.935600000000035514e-01,8.145449355397035851e-02,9.783999999999989372e-01,0.000000000000000000e+00
2.455270513074581107e-02,9.937000000000033584e-01,9.155244070391431455e-02,9.743999999999986006e-01,0.000000000000000000e+00
1.929840740404811794e-02,9.948000000000029042e-01,8.255727524017514307e-02,9.770999999999994134e-01,0.000000000000000000e+00
1.266725484916815178e-02,9.970800000000015206e-01,7.920278076091030739e-02,9.789999999999990932e-01,0.000000000000000000e+00
1.311647371523951867e-02,9.969000000000017847e-01,8.124392287540425917e-02,9.783999999999984931e-01,0.000000000000000000e+00
9.810353189339742624e-03,9.980600000000012795e-01,8.352690567864710924e-02,9.792999999999988381e-01,0.000000000000000000e+00
7.943254342838806242e-03,9.984800000000008113e-01,8.287623836315517745e-02,9.793999999999992712e-01,0.000000000000000000e+00
6.072606492151048571e-03,9.993000000000005212e-01,8.258954596897716272e-02,9.800999999999991941e-01,0.000000000000000000e+00
4.737636822673509975e-03,9.994400000000003281e-01,8.361045224235588713e-02,9.798999999999992161e-01,0.000000000000000000e+00
3.409433405376575098e-03,9.998200000000001531e-01,8.689090064820835513e-02,9.807999999999990060e-01,0.000000000000000000e+00
2.979070719366379728e-03,9.998200000000000420e-01,8.687391135521270458e-02,9.806999999999991280e-01,0.000000000000000000e+00
2.805287965373237571e-03,9.998000000000001330e-01,9.044936181746721093e-02,9.794999999999989271e-01,0.000000000000000000e+00
1.955013705131166801e-03,9.999600000000000710e-01,8.872078093499148610e-02,9.809999999999989839e-01,0.000000000000000000e+00
1.678622270747732017e-03,1.000000000000000000e+00,9.043025443675732633e-02,9.796999999999992381e-01,0.000000000000000000e+00
1.597637087913645389e-03,1.000000000000000000e+00,9.015799574463238819e-02,9.807999999999986729e-01,0.000000000000000000e+00
1.328297800688291912e-03,9.999799999999999800e-01,9.089718930083591497e-02,9.804999999999985949e-01,0.000000000000000000e+00
1.233385221200720321e-03,1.000000000000000000e+00,9.351262237045565584e-02,9.805999999999989170e-01,0.000000000000000000e+00
1.129483954478777835e-03,1.000000000000000000e+00,9.301412566418029715e-02,9.808999999999988839e-01,0.000000000000000000e+00
1.037620352523136282e-03,1.000000000000000000e+00,9.337911795510635271e-02,9.802999999999987280e-01,0.000000000000000000e+00
9.496937166165324339e-04,1.000000000000000000e+00,9.497157303421406571e-02,9.804999999999989280e-01,0.000000000000000000e+00
9.130076969863890361e-04,1.000000000000000000e+00,9.601008141744961366e-02,9.805999999999989170e-01,0.000000000000000000e+00
8.391621181035900179e-04,1.000000000000000000e+00,9.709508990924606286e-02,9.806999999999994611e-01,0.000000000000000000e+00
7.745482172781249742e-04,1.000000000000000000e+00,9.695723687506635491e-02,9.804999999999993721e-01,0.000000000000000000e+00
7.582459795272153630e-04,1.000000000000000000e+00,9.758442351166710105e-02,9.804999999999993721e-01,0.000000000000000000e+00
6.942300147849853010e-04,1.000000000000000000e+00,9.776749241970614235e-02,9.807999999999988949e-01,0.000000000000000000e+00
6.555634391587764672e-04,1.000000000000000000e+00,9.867534267542887871e-02,9.803999999999988280e-01,0.000000000000000000e+00
6.502370563604334798e-04,1.000000000000000000e+00,9.987934147456213607e-02,9.804999999999991500e-01,0.000000000000000000e+00
5.994545065465508226e-04,1.000000000000000000e+00,9.949362080454171586e-02,9.803999999999991610e-01,0.000000000000000000e+00
5.793016981676549302e-04,1.000000000000000000e+00,1.007884346802610520e-01,9.800999999999987500e-01,0.000000000000000000e+00
5.476144951510895963e-04,1.000000000000000000e+00,1.009613237713273687e-01,9.803999999999990500e-01,0.000000000000000000e+00
5.349076239896742146e-04,1.000000000000000000e+00,1.018871747480200596e-01,9.799999999999994271e-01,0.000000000000000000e+00
5.046977816644250504e-04,1.000000000000000000e+00,1.026598621406896727e-01,9.800999999999986390e-01,0.000000000000000000e+00
4.941183866220607429e-04,1.000000000000000000e+00,1.013665226468607322e-01,9.806999999999989059e-01,0.000000000000000000e+00
4.698952293770292110e-04,1.000000000000000000e+00,1.021517805322513656e-01,9.805999999999986949e-01,0.000000000000000000e+00
4.470390517023145084e-04,1.000000000000000000e+00,1.030251003646716901e-01,9.801999999999994051e-01,0.000000000000000000e+00
4.329066143211890167e-04,1.000000000000000000e+00,1.040141701048081097e-01,9.803999999999989390e-01,0.000000000000000000e+00
4.195178152876810639e-04,1.000000000000000000e+00,1.038585555683271960e-01,9.802999999999988390e-01,0.000000000000000000e+00
4.192524735772255613e-04,1.000000000000000000e+00,1.040101641616226064e-01,9.805999999999990280e-01,0.000000000000000000e+00
3.940843940509986486e-04,1.000000000000000000e+00,1.048869046904190167e-01,9.800999999999991941e-01,0.000000000000000000e+00
3.812706994459757071e-04,1.000000000000000000e+00,1.049425639396169146e-01,9.802999999999990610e-01,0.000000000000000000e+00
3.689282798231512789e-04,1.000000000000000000e+00,1.050795676013575181e-01,9.807999999999994500e-01,0.000000000000000000e+00
3.635225235401746665e-04,1.000000000000000000e+00,1.059526903897786282e-01,9.807999999999988949e-01,0.000000000000000000e+00
3.473688341287174577e-04,1.000000000000000000e+00,1.057262092310523732e-01,9.804999999999983729e-01,0.000000000000000000e+00
3.370408691606458385e-04,1.000000000000000000e+00,1.069048524040578096e-01,9.801999999999990720e-01,0.000000000000000000e+00
3.316249561628396955e-04,1.000000000000000000e+00,1.070561187078903909e-01,9.800999999999997492e-01,0.000000000000000000e+00
3.193278547634830844e-04,1.000000000000000000e+00,1.077158881353314085e-01,9.803999999999988280e-01,0.000000000000000000e+00
3.111661091755318779e-04,1.000000000000000000e+00,1.071890279969093390e-01,9.802999999999993941e-01,0.000000000000000000e+00
3.039554545712482773e-04,1.000000000000000000e+00,1.073565971168310151e-01,9.805999999999986949e-01,0.000000000000000000e+00
2.971604869723914826e-04,1.000000000000000000e+00,1.081106400190916250e-01,9.807999999999990060e-01,0.000000000000000000e+00
2.883782613285416473e-04,1.000000000000000000e+00,1.085192912020420258e-01,9.801999999999986279e-01,0.000000000000000000e+00
2.867713517589775868e-04,1.000000000000000000e+00,1.091905006464209682e-01,9.799999999999988720e-01,0.000000000000000000e+00
2.750571725896985473e-04,1.000000000000000000e+00,1.084138527030466675e-01,9.805999999999990280e-01,0.000000000000000000e+00
2.689277880391778260e-04,1.000000000000000000e+00,1.090850257983169563e-01,9.801999999999990720e-01,0.000000000000000000e+00
2.631283562308498912e-04,1.000000000000000000e+00,1.091280829465614138e-01,9.801999999999992941e-01,0.000000000000000000e+00
2.583994694999006310e-04,1.000000000000000000e+00,1.102495820899414281e-01,9.802999999999986169e-01,0.000000000000000000e+00
2.511985398762981293e-04,1.000000000000000000e+00,1.096879590671644422e-01,9.805999999999990280e-01,0.000000000000000000e+00
2.452853582895175551e-04,1.000000000000000000e+00,1.102379710761614007e-01,9.804999999999987059e-01,0.000000000000000000e+00
2.418258056482690548e-04,1.000000000000000000e+00,1.106320578991618897e-01,9.804999999999991500e-01,0.000000000000000000e+00
2.348676949428141366e-04,1.000000000000000000e+00,1.108089357985511253e-01,9.803999999999989390e-01,0.000000000000000000e+00
2.313124982941209011e-04,1.000000000000000000e+00,1.112909594123002860e-01,9.802999999999991720e-01,0.000000000000000000e+00
2.264495527539674212e-04,1.000000000000000000e+00,1.117874305680731511e-01,9.802999999999991720e-01,0.000000000000000000e+00
2.217288772444098199e-04,1.000000000000000000e+00,1.115334038969795633e-01,9.805999999999991390e-01,0.000000000000000000e+00
2.178640690422185703e-04,1.000000000000000000e+00,1.115754375192671288e-01,9.804999999999985949e-01,0.000000000000000000e+00
2.135485810300919145e-04,1.000000000000000000e+00,1.117275348589436695e-01,9.803999999999993831e-01,0.000000000000000000e+00
2.096417728729235046e-04,1.000000000000000000e+00,1.120374762937812047e-01,9.801999999999995161e-01,0.000000000000000000e+00
2.057491080306430231e-04,1.000000000000000000e+00,1.124649770925096465e-01,9.803999999999989390e-01,0.000000000000000000e+00
2.020104746692298918e-04,1.000000000000000000e+00,1.127453240021738939e-01,9.803999999999986059e-01,0.000000000000000000e+00
1.980883236764943169e-04,1.000000000000000000e+00,1.130097057338508293e-01,9.803999999999989390e-01,0.000000000000000000e+00
1.950213960182164313e-04,1.000000000000000000e+00,1.129510700888478464e-01,9.805999999999984729e-01,0.000000000000000000e+00
1.919237943239914955e-04,1.000000000000000000e+00,1.133873929097293370e-01,9.802999999999990610e-01,0.000000000000000000e+00
1.886075603481575283e-04,1.000000000000000000e+00,1.134717998036392783e-01,9.807999999999988949e-01,0.000000000000000000e+00
1.859644382206535550e-04,1.000000000000000000e+00,1.137652897687064374e-01,9.803999999999988280e-01,0.000000000000000000e+00
1.835531959579104165e-04,1.000000000000000000e+00,1.143750374569095091e-01,9.804999999999985949e-01,0.000000000000000000e+00
1.800291766820469568e-04,1.000000000000000000e+00,1.143276235524170320e-01,9.804999999999985949e-01,0.000000000000000000e+00
1.758697702849583422e-04,1.000000000000000000e+00,1.142724170327896194e-01,9.803999999999990500e-01,0.000000000000000000e+00
1.738470206418456590e-04,1.000000000000000000e+00,1.150385174900234175e-01,9.803999999999988280e-01,0.000000000000000000e+00
1.710776750841512886e-04,1.000000000000000000e+00,1.145288552586686825e-01,9.804999999999998161e-01,0.000000000000000000e+00
1.675553035339595815e-04,1.000000000000000000e+00,1.149330104993557672e-01,9.804999999999988169e-01,0.000000000000000000e+00
1.657128294708412033e-04,1.000000000000000000e+00,1.151952179989405717e-01,9.805999999999994721e-01,0.000000000000000000e+00
1.634222647119377622e-04,1.000000000000000000e+00,1.153826224961249508e-01,9.803999999999990500e-01,0.000000000000000000e+00
1.612449971635562926e-04,1.000000000000000000e+00,1.160949588129507326e-01,9.804999999999989280e-01,0.000000000000000000e+00
1.582253867974848399e-04,1.000000000000000000e+00,1.155717785674741926e-01,9.805999999999994721e-01,0.000000000000000000e+00
1.562048938596211783e-04,1.000000000000000000e+00,1.159589331257470796e-01,9.802999999999988390e-01,0.000000000000000000e+00
1.534881261539561693e-04,1.000000000000000000e+00,1.163703567150669999e-01,9.804999999999989280e-01,0.000000000000000000e+00
1.508369181343689107e-04,1.000000000000000000e+00,1.164653329394112202e-01,9.806999999999989059e-01,0.000000000000000000e+00
1.490958327343151193e-04,1.000000000000000000e+00,1.163130822826112243e-01,9.803999999999993831e-01,0.000000000000000000e+00
1.472936020953697104e-04,1.000000000000000000e+00,1.167677429125601324e-01,9.804999999999991500e-01,0.000000000000000000e+00
1.447957194874578647e-04,1.000000000000000000e+00,1.168524079472220006e-01,9.805999999999990280e-01,0.000000000000000000e+00
1.431687697309433132e-04,1.000000000000000000e+00,1.171119519607479037e-01,9.803999999999990500e-01,0.000000000000000000e+00
1.409258447028826971e-04,1.000000000000000000e+00,1.171039563274240414e-01,9.804999999999991500e-01,0.000000000000000000e+00
1.390473133671980745e-04,1.000000000000000000e+00,1.175142870289167807e-01,9.804999999999988169e-01,0.000000000000000000e+00
1.376231889187572318e-04,1.000000000000000000e+00,1.174442455935278684e-01,9.803999999999984949e-01,0.000000000000000000e+00
733.3770306110382